0.000000000000000000e+00 -1.045175182479501030e+00
2.000000000000000111e-01 4.316561013779013356e-01
4.000000000000000222e-01 2.810500888810623099e-01
6.000000000000000888e-01 2.225312664999397505e+00
8.000000000000000444e-01 2.806645709622267226e+00
1.000000000000000000e+00 4.848458903767037143e+00
1.200000000000000178e+00 4.123476310885577867e+00
1.400000000000000133e+00 6.255213813211697449e+00
1.600000000000000089e+00 4.166719561936419680e+00
1.800000000000000044e+00 6.138708790899412904e+00
2.000000000000000000e+00 5.605798584669062556e+00
2.200000000000000178e+00 5.698776218080396028e+00
2.400000000000000355e+00 4.062467371386444981e+00
2.600000000000000089e+00 4.432528527433253984e+00
2.800000000000000266e+00 3.082204678627272987e+00
3.000000000000000000e+00 2.898645003364463069e+00
3.200000000000000178e+00 1.627276148262837951e+00
3.400000000000000355e+00 1.525713289338362699e+00
3.600000000000000089e+00 -4.982847871804472334e-02
3.800000000000000266e+00 -3.265999414912084120e-01
4.000000000000000000e+00 -1.736447895501324501e+00
4.200000000000000178e+00 -1.929228148270322851e+00
4.400000000000000355e+00 -4.148229438212938547e+00
4.600000000000000533e+00 -6.889706759425605398e+00
4.800000000000000711e+00 -5.050561575763660827e+00
5.000000000000000000e+00 -4.619559716633422575e+00
5.200000000000000178e+00 -5.768044470149646052e+00
5.400000000000000355e+00 -5.447215417436495954e+00
5.600000000000000533e+00 -4.462916539580376707e+00
5.800000000000000711e+00 -4.002026566076844816e+00
6.000000000000000000e+00 -4.923042120159030866e+00
6.200000000000000178e+00 -3.758393955194972769e+00
