0.000000000000000000e+00 -9.300000175523069623e-02
2.000000000000000111e-01 9.743539973843956536e-02
4.000000000000000222e-01 4.495699436799432958e-01
6.000000000000000888e-01 5.459970569416197073e-01
8.000000000000000444e-01 6.184204464092163400e-01
1.000000000000000000e+00 8.859438690336989275e-01
1.200000000000000178e+00 1.136025377225853505e+00
1.400000000000000133e+00 9.217954310751490521e-01
1.600000000000000089e+00 1.070591039827200941e+00
1.800000000000000044e+00 9.915432023623860225e-01
2.000000000000000000e+00 8.065021372012936007e-01
2.200000000000000178e+00 4.685123579928835436e-01
2.400000000000000355e+00 3.824134688166832552e-01
2.600000000000000089e+00 2.647030770505466313e-01
2.800000000000000266e+00 -1.965433695644060452e-01
3.000000000000000000e+00 -3.116518812945238692e-01
3.200000000000000178e+00 -3.986703811649228713e-01
3.400000000000000355e+00 -6.088412367712158213e-01
3.600000000000000089e+00 -7.454968282037552907e-01
3.800000000000000266e+00 -9.704785736278420671e-01
4.000000000000000000e+00 -9.704598483381112750e-01
4.200000000000000178e+00 -8.610354694676605192e-01
4.400000000000000355e+00 -1.038800476452019561e+00
4.600000000000000533e+00 -8.598880049554518124e-01
4.800000000000000711e+00 -7.531793787691416497e-01
5.000000000000000000e+00 -5.039276392596993004e-01
5.200000000000000178e+00 -2.269196189979958700e-01
5.400000000000000355e+00 -3.479023747048643478e-01
5.600000000000000533e+00 2.950961474753073244e-01
5.800000000000000711e+00 3.448876975675894130e-01
6.000000000000000000e+00 5.127185997471017664e-01
6.200000000000000178e+00 7.821600572426070652e-01
